[200][4]
001.[1103],[0],[0],[0],[Protection Charm]
002.[1166],[720],[0],[0],[CPPC]
003.[1102],[1700],[0],[0],[Hermit Vault]
004.[1130],[1700],[0],[0],[Storege Vault]
005.[1237],[3480],[0],[0],[Wing Prtocetion Charm]
006.[1120],[580],[0],[0],[Scroll of the Gods]
007.[1118],[400],[0],[0],[Scroll of Loyalty]
008.[1215],[6200],[0],[0],[Auto Buff Scroll(30d)]
009.[1133],[10000],[0],[0],[Name Change Scroll]
010.[1124],[780],[0],[0],[Scroll of Seekers]
011.[1047],[280],[0],[0],[Elite Dungeon Ticket(L)]
012.[1041],[500],[0],[0],[Superior Pill]
013.[1190],[1000],[0],[0],[Pet EXP Boost Pill]
014.[1132],[400],[0],[0],[Buff Duration Pill(60min)]
015.[1145],[180],[0],[0],[SkyLords Blessed Feed]
016.[1153],[1000],[0],[0],[Lucky Drop Scroll(M)]
017.[1108],[240],[0],[0],[Protection Scroll]
018.[566],[80],[0],[0],[Clan Notice Scroll]
019.[1043],[40],[0],[0],[(New)Upgrade Ticekt]
020.[1027],[120],[0],[0],[Skill Reset SCroll]
021.[1066],[120],[0],[0],[Book of Celar Fog]
022.[1235],[260],[0],[0],[Creature Cobine Stone]
023.[1167],[840],[0],[0],[Gold Plate Scroll]
024.[1109],[2000],[99],[0],[Teleport Scroll]
025.[1224],[2000],[99],[0],[Dungeon Teleport Scroll]
026.[301],[50000],[0],[0],[Nangin Suit(ND)]
027.[135],[3000],[0],[0],[Heartless Wings(ND)]
028.[601],[440],[0],[0],[Mount Box]
029.[602],[440],[0],[0],[Pet Box]
030.[998],[500],[0],[0],[Wing Box]
031.[664],[10000],[0],[0],[Costume Box]
032.[1436],[1000],[0],[0],[Green Pill]
033.[0],[0],[0],[0],[]
034.[0],[0],[0],[0],[]
035.[0],[0],[0],[0],[]
036.[0],[0],[0],[0],[]
037.[0],[0],[0],[0],[]
038.[0],[0],[0],[0],[]
039.[0],[0],[0],[0],[]
040.[0],[0],[0],[0],[]
041.[0],[0],[0],[0],[]
042.[0],[0],[0],[0],[]
043.[0],[0],[0],[0],[]
044.[0],[0],[0],[0],[]
045.[0],[0],[0],[0],[]
046.[0],[0],[0],[0],[]
047.[0],[0],[0],[0],[]
048.[0],[0],[0],[0],[]
049.[0],[0],[0],[0],[]
050.[0],[0],[0],[0],[]
051.[1103],[880],[0],[1],[Protection Charm]
052.[1166],[720],[0],[1],[CPPC]
053.[1102],[1700],[0],[1],[Hermit Vault]
054.[1130],[1700],[0],[1],[Storege Vault]
055.[1237],[3480],[0],[1],[Wing Prtocetion Charm]
056.[1120],[580],[0],[1],[Scroll of the Gods]
057.[1118],[400],[0],[1],[Scroll of Loyalty]
058.[1215],[6200],[0],[1],[Auto Buff Scroll(30d)]
059.[1133],[10000],[0],[1],[Name Change Scroll]
060.[1124],[780],[0],[1],[Scroll of Seekers]
061.[1047],[280],[0],[1],[Elite Dungeon Ticket(L)]
062.[1041],[500],[0],[1],[Superior Pill]
063.[1190],[1000],[0],[1],[Pet EXP Boost Pill]
064.[1132],[400],[0],[1],[Buff Duration Pill(60min)]
065.[1145],[180],[0],[1],[SkyLords Blessed Feed]
066.[1153],[1000],[0],[1],[Lucky Drop Scroll(M)]
067.[1108],[240],[0],[1],[Protection Scroll]
068.[566],[80],[0],[1],[Clan Notice Scroll]
069.[1043],[40],[0],[1],[(New)Upgrade Ticekt]
070.[1027],[120],[0],[1],[Skill Reset SCroll]
071.[1066],[120],[0],[1],[Book of Celar Fog]
072.[1235],[260],[0],[1],[Creature Cobine Stone]
073.[1167],[840],[0],[1],[Gold Plate Scroll]
074.[1109],[2000],[99],[1],[Teleport Scroll]
075.[1224],[2000],[99],[1],[Dungeon Teleport Scroll]
076.[302],[50000],[0],[1],[Nangin Suit(ND)]
077.[138],[3000],[0],[1],[Heartless Wings(ND)]
078.[601],[440],[0],[1],[Mount Box]
079.[602],[440],[0],[1],[Pet Box]
080.[998],[500],[0],[1],[Wing Box]
081.[664],[10000],[0],[1],[Costume Box]
082.[1436],[1000],[0],[1],[Green Pill(L)]
083.[0],[0],[0],[0],[]
084.[0],[0],[0],[0],[]
085.[0],[0],[0],[0],[]
086.[0],[0],[0],[0],[]
087.[0],[0],[0],[0],[]
088.[0],[0],[0],[0],[]
089.[0],[0],[0],[0],[]
090.[0],[0],[0],[0],[]
091.[0],[0],[0],[0],[]
092.[0],[0],[0],[0],[]
093.[0],[0],[0],[0],[]
094.[0],[0],[0],[0],[]
095.[0],[0],[0],[0],[]
096.[0],[0],[0],[0],[]
097.[0],[0],[0],[0],[]
098.[0],[0],[0],[0],[]
099.[0],[0],[0],[0],[]
100.[0],[0],[0],[0],[]
101.[1103],[880],[0],[2],[Protection Charm]
102.[1166],[720],[0],[2],[CPPC]
103.[1102],[1700],[0],[2],[Hermit Vault]
104.[1130],[1700],[0],[2],[Storege Vault]
105.[1237],[3480],[0],[2],[Wing Prtocetion Charm]
106.[1120],[580],[0],[2],[Scroll of the Gods]
107.[1118],[400],[0],[2],[Scroll of Loyalty]
108.[1215],[6200],[0],[2],[Auto Buff Scroll(30d)]
109.[1133],[10000],[0],[2],[Name Change Scroll]
110.[1124],[780],[0],[2],[Scroll of Seekers]
111.[1047],[280],[0],[2],[Elite Dungeon Ticket(L)]
112.[1041],[500],[0],[2],[Superior Pill]
113.[1190],[1000],[0],[2],[Pet EXP Boost Pill]
114.[1132],[400],[0],[2],[Buff Duration Pill(60min)]
115.[1145],[180],[0],[2],[SkyLords Blessed Feed]
116.[1153],[1000],[0],[2],[Lucky Drop Scroll(M)]
117.[1108],[240],[0],[2],[Protection Scroll]
118.[566],[80],[0],[2],[Clan Notice Scroll]
119.[1043],[40],[0],[2],[(New)Upgrade Ticekt]
120.[1027],[120],[0],[2],[Skill Reset SCroll]
121.[1066],[120],[0],[2],[Book of Celar Fog]
122.[1235],[260],[0],[2],[Creature Cobine Stone]
123.[1167],[840],[0],[2],[Gold Plate Scroll]
124.[1109],[2000],[99],[2],[Teleport Scroll]
125.[1224],[2000],[99],[2],[Dungeon Teleport Scroll]
126.[303],[50000],[0],[2],[Nangin Suit(ND)]
127.[141],[3000],[0],[2],[Heartless Wings(ND)]
128.[601],[440],[0],[2],[Mount Box]
129.[602],[440],[0],[2],[Pet Box]
130.[998],[500],[0],[2],[Wing Box]
131.[664],[10000],[0],[2],[Costume Box]                       
132.[1436],[1000],[0],[2],[Green Pill]
133.[0],[0],[0],[0],[]
134.[0],[0],[0],[0],[]
135.[0],[0],[0],[0],[]
136.[0],[0],[0],[0],[]
137.[0],[0],[0],[0],[]
138.[0],[0],[0],[0],[]
139.[0],[0],[0],[0],[]
140.[0],[0],[0],[0],[]
141.[0],[0],[0],[0],[]
142.[0],[0],[0],[0],[]
143.[0],[0],[0],[0],[]
144.[0],[0],[0],[0],[]
145.[0],[0],[0],[0],[]
146.[0],[0],[0],[0],[]
147.[0],[0],[0],[0],[]
148.[0],[0],[0],[0],[]
149.[0],[0],[0],[0],[]
150.[0],[0],[0],[0],[]
151.[1103],[880],[0],[3],[Protection Charm]
152.[1166],[720],[0],[3],[CPPC]
153.[1102],[1700],[0],[3],[Hermit Vault]
154.[1130],[1700],[0],[3],[Storege Vault]
155.[1237],[3480],[0],[3],[Wing Prtocetion Charm]
156.[1120],[580],[0],[3],[Scroll of the Gods]
157.[1118],[400],[0],[3],[Scroll of Loyalty]
158.[1215],[6200],[0],[3],[Auto Buff Scroll(30d)]
159.[1133],[10000],[0],[3],[Name Change Scroll]
160.[1124],[780],[0],[3],[Scroll of Seekers]
161.[1047],[240],[0],[3],[Elite Dungeon Ticket(L)]
162.[1041],[500],[0],[3],[Superior Pill]
163.[1190],[1000],[0],[3],[Pet EXP Boost Pill]
164.[1132],[400],[0],[3],[Buff Duration Pill(60min)]
165.[1145],[180],[0],[3],[SkyLords Blessed Feed]
166.[1153],[1000],[0],[3],[Lucky Drop Scroll(M)]
167.[1108],[240],[0],[3],[Protection Scroll]
168.[566],[80],[0],[3],[Clan Notice Scroll]
169.[1043],[40],[0],[3],[(New)Upgrade Ticekt]
170.[1027],[120],[0],[3],[Skill Reset SCroll]
171.[1066],[120],[0],[3],[Book of Celar Fog]
172.[1235],[260],[0],[3],[Creature Cobine Stone]
173.[1167],[840],[0],[3],[Gold Plate Scroll]
174.[1109],[2000],[99],[3],[Teleport Scroll]
175.[1224],[2000],[99],[3],[Dungeon Teleport Scroll]
176.[1436],[1000],[0],[3],[Green Pill]
177.[0],[0],[0],[0],[]
178.[601],[220],[0],[3],[Mount Box]
179.[602],[220],[0],[3],[Pet Box]
180.[998],[250],[0],[3],[Wing Box]
181.[664],[5000],[0],[3],[Costume Box]                      
182.[0],[0],[0],[0],[]
183.[0],[0],[0],[0],[]
184.[0],[0],[0],[0],[]
185.[0],[0],[0],[0],[]
186.[0],[0],[0],[0],[]
187.[0],[0],[0],[0],[]
188.[0],[0],[0],[0],[]
189.[0],[0],[0],[0],[]
190.[0],[0],[0],[0],[]
191.[0],[0],[0],[0],[]
192.[0],[0],[0],[0],[]
193.[0],[0],[0],[0],[]
194.[0],[0],[0],[0],[]
195.[301],[25000],[0],[3],[Nangin Suit(ND)]
196.[302],[25000],[0],[3],[Nangin Suit(RS)]
197.[303],[25000],[0],[3],[Nangin Suit(GT)]
198.[135],[1500],[0],[3],[Heartless Wings(ND)]
199.[138],[1500],[0],[3],[Heartless Wings(RS)]
200.[141],[1500],[0],[3],[Heartless Wings(GT)]