[120][5]
001.[440],[1103],[0],[1],[1],[Protection Charm]
002.[360],[1166],[0],[1],[1],[CPPC]
003.[850],[1102],[0],[1],[1],[Hermit Vault]
004.[850],[1130],[0],[1],[1],[Storege Vault]
005.[1740],[1494],[0],[1],[1],[Wing Prtocetion Charm]
006.[290],[1120],[0],[1],[1],[Scroll of the Gods]
007.[200],[1118],[0],[1],[1],[Scroll of Loyalty]
008.[3100],[1215],[0],[1],[1],[Auto Buff Scroll(30d)]
009.[5000],[1217],[0],[1],[1],[Auto Hunt Scroll(30d)]
010.[5000],[1133],[0],[1],[1],[Name Change Scroll]
011.[0],[0],[0],[1],[1],[0]
012.[0],[0],[0],[1],[1],[0]
013.[0],[0],[0],[1],[1],[0]
014.[0],[0],[0],[1],[1],[0]
015.[0],[0],[0],[1],[1],[0]
016.[0],[0],[0],[1],[1],[0]
017.[0],[0],[0],[1],[1],[0]
018.[0],[0],[0],[1],[1],[0]
019.[0],[0],[0],[1],[1],[0]
020.[0],[0],[0],[1],[1],[0]
021.[0],[0],[0],[1],[1],[0]
022.[0],[0],[0],[1],[1],[0]
023.[0],[0],[0],[1],[1],[0]
024.[0],[0],[0],[1],[1],[0]
025.[0],[0],[0],[1],[1],[0]
026.[0],[0],[0],[1],[1],[0]
027.[0],[0],[0],[1],[1],[0]
028.[0],[0],[0],[1],[1],[0]
029.[0],[0],[0],[1],[1],[0]
030.[0],[0],[0],[1],[1],[0]
031.[390],[1124],[0],[1],[2],[Scroll of Seekers]
032.[140],[1047],[0],[1],[2],[Elite Dungeon Ticket(L)]
033.[250],[1041],[0],[1],[2],[Superior Pill]
034.[500],[1190],[0],[1],[2],[Pet EXP Boost Pill]
035.[200],[1132],[0],[1],[2],[Buff Duration Pill(60min)]
036.[90],[1145],[0],[1],[2],[SkyLord's Blessed Feed]
037.[500],[1153],[0],[1],[2],[Lucky Drop Scroll(M)]
038.[120],[1108],[0],[1],[2],[Protection Scroll]
039.[40],[566],[0],[1],[2],[Clan Notice Scroll]
040.[20],[1043],[0],[1],[2],[(New)Upgrade Ticekt]
041.[60],[1027],[0],[1],[2],[Skill Reset SCroll]
042.[60],[1066],[0],[1],[2],[Book of Celar Fog]
043.[130],[1235],[0],[1],[2],[Creature Cobine Stone]
044.[420],[1167],[0],[1],[2],[Gold Plate Scroll]
045.[1000],[1109],[99],[1],[2],[Teleport Scroll]
046.[1000],[1224],[99],[1],[2],[Dungeon Teleport Scroll]
047.[0],[0],[0],[1],[2],[0]
038.[0],[0],[0],[1],[2],[0]
049.[0],[0],[0],[1],[2],[0]
050.[0],[0],[0],[1],[2],[0]
051.[0],[0],[0],[1],[2],[0]
052.[0],[0],[0],[1],[2],[0]
053.[0],[0],[0],[1],[2],[0]
054.[0],[0],[0],[1],[2],[0]
055.[0],[0],[0],[1],[2],[0]
056.[0],[0],[0],[1],[2],[0]
057.[0],[0],[0],[1],[2],[0]
058.[0],[0],[0],[1],[2],[0]
059.[0],[0],[0],[1],[2],[0]
060.[0],[0],[0],[1],[2],[0]
061.[25000],[301],[0],[1],[3],[Nangin Suit(ND)]
062.[25000],[302],[0],[1],[3],[Nangin Suit(RS)]
063.[25000],[303],[0],[1],[3],[Nangin Suit(GT)]
064.[1500],[135],[0],[1],[3],[Heartless Wings(ND)]
065.[1500],[138],[0],[1],[3],[Heartless Wings(RS)]
066.[1500],[141],[0],[1],[3],[Heartless Wings(GT)]
067.[0],[0],[0],[1],[3],[0]
068.[0],[0],[0],[1],[3],[0]
069.[0],[0],[0],[1],[3],[0]
070.[0],[0],[0],[1],[3],[0]
071.[0],[0],[0],[1],[3],[0]
072.[0],[0],[0],[1],[3],[0]
073.[0],[0],[0],[1],[3],[0]
074.[0],[0],[0],[1],[3],[0]
075.[0],[0],[0],[1],[3],[0]
076.[0],[0],[0],[1],[3],[0]
077.[0],[0],[0],[1],[3],[0]
078.[0],[0],[0],[1],[3],[0]
079.[0],[0],[0],[1],[3],[0]
080.[0],[0],[0],[1],[3],[0]
081.[0],[0],[0],[1],[3],[0]
082.[0],[0],[0],[1],[3],[0]
083.[0],[0],[0],[1],[3],[0]
084.[0],[0],[0],[1],[3],[0]
085.[0],[0],[0],[1],[3],[0]
086.[0],[0],[0],[1],[3],[0]
087.[0],[0],[0],[1],[3],[0]
088.[0],[0],[0],[1],[3],[0]
089.[0],[0],[0],[1],[3],[0]
090.[0],[0],[0],[1],[3],[0]
091.[220],[601],[0],[1],[4],[Mount Box]
092.[220],[602],[0],[1],[4],[Pet Box]
093.[250],[998],[0],[1],[4],[Wing Box]
094.[5000],[664],[0],[1],[4],[Costume Box]
095.[0],[0],[0],[1],[4],[0]
096.[0],[0],[0],[1],[4],[0]
097.[0],[0],[0],[1],[4],[0]
098.[0],[0],[0],[1],[4],[0]
099.[0],[0],[0],[1],[4],[0]
100.[0],[0],[0],[1],[4],[0]
101.[0],[0],[0],[1],[4],[0]
102.[0],[0],[0],[1],[4],[0]
103.[0],[0],[0],[1],[4],[0]
104.[0],[0],[0],[1],[4],[0]
105.[0],[0],[0],[1],[4],[0]
106.[0],[0],[0],[1],[4],[0]
107.[0],[0],[0],[1],[4],[0]
108.[0],[0],[0],[1],[4],[0]
109.[0],[0],[0],[1],[4],[0]
110.[0],[0],[0],[1],[4],[0]
111.[0],[0],[0],[1],[4],[0]
112.[0],[0],[0],[1],[4],[0]
113.[0],[0],[0],[1],[4],[0]
114.[0],[0],[0],[1],[4],[0]
115.[0],[0],[0],[1],[4],[0]
116.[0],[0],[0],[1],[4],[0]
117.[0],[0],[0],[1],[4],[0]
118.[0],[0],[0],[1],[4],[0]
119.[0],[0],[0],[1],[4],[0]
120.[0],[0],[0],[1],[4],[0]

